File generated for type: Bus_
Time of generation:2016-08-28 20:17:00
day,hour,count,n_counts
0,0,688044.0,362525
0,1,608947.0,362760
0,2,572404.0,362373
0,3,597034.0,362616
0,4,805533.0,362414
0,5,1200112.0,362489
0,6,1860173.0,361440
0,7,2098221.0,359719
0,8,2404650.0,359120
0,9,2578585.0,359720
0,10,2350794.0,359929
0,11,2321246.0,360102
0,12,2260093.0,359865
0,13,2386226.0,360122
0,14,2339446.0,360016
0,15,2255673.0,360028
0,16,2216057.0,359829
0,17,1983239.0,360283
0,18,1683708.0,361261
0,19,1315877.0,362196
0,20,1028140.0,362436
0,21,805207.0,362814
0,22,663540.0,362753
0,23,568841.0,362998
1,0,509277.0,362249
1,1,419731.0,362513
1,2,390290.0,362108
1,3,429170.0,362376
1,4,641839.0,362289
1,5,1054962.0,362523
1,6,1750259.0,361621
1,7,2023537.0,360128
1,8,2324676.0,359251
1,9,2362721.0,359477
1,10,1980177.0,359155
1,11,1887266.0,359195
1,12,1951051.0,359236
1,13,2135594.0,359521
1,14,2120963.0,359223
1,15,2094027.0,359244
1,16,2143592.0,358847
1,17,2041272.0,359291
1,18,1771129.0,360558
1,19,1352459.0,361620
1,20,1005893.0,361930
1,21,769552.0,362451
1,22,639518.0,362455
1,23,564931.0,362597
2,0,508541.0,362648
2,1,423035.0,363005
2,2,393755.0,362492
2,3,431433.0,362864
2,4,654627.0,362817
2,5,1089912.0,362885
2,6,1816050.0,362102
2,7,2129602.0,360763
2,8,2496897.0,359752
2,9,2554351.0,360151
2,10,2138169.0,359936
2,11,2021726.0,360236
2,12,2064415.0,359958
2,13,2275888.0,360461
2,14,2253623.0,360077
2,15,2211607.0,359758
2,16,2262266.0,359447
2,17,2160683.0,359537
2,18,1900672.0,360899
2,19,1458371.0,362159
2,20,1093595.0,362416
2,21,848917.0,362918
2,22,712905.0,363133
2,23,641304.0,363091
3,0,582469.0,363273
3,1,498079.0,363561
3,2,469810.0,362951
3,3,507598.0,363187
3,4,721334.0,363299
3,5,1144325.0,363376
3,6,1884245.0,362695
3,7,2243750.0,361484
3,8,2590665.0,360527
3,9,2641185.0,360609
3,10,2270328.0,360376
3,11,2152761.0,360513
3,12,2165532.0,360273
3,13,2356492.0,360522
3,14,2345217.0,360337
3,15,2299540.0,360099
3,16,2340537.0,359603
3,17,2206811.0,359633
3,18,1924940.0,360965
3,19,1515144.0,362334
3,20,1165743.0,362820
3,21,915349.0,363384
3,22,774193.0,363427
3,23,689359.0,363587
4,0,621126.0,363388
4,1,539901.0,363701
4,2,520039.0,363287
4,3,565110.0,363519
4,4,798465.0,363425
4,5,1245096.0,363643
4,6,1980815.0,363050
4,7,2325866.0,362354
4,8,2660579.0,361873
4,9,2745608.0,362056
4,10,2620872.0,361697
4,11,2600677.0,361778
4,12,2543784.0,361465
4,13,2666359.0,360650
4,14,2634750.0,359843
4,15,2525754.0,359410
4,16,2516413.0,359387
4,17,2400374.0,360167
4,18,2139578.0,361294
4,19,1741363.0,362428
4,20,1430780.0,362897
4,21,1229394.0,363349
4,22,1130635.0,363493
4,23,1088862.0,363690
5,0,1018343.0,363206
5,1,925525.0,363875
5,2,863707.0,363663
5,3,871107.0,363694
5,4,955376.0,363668
5,5,1144235.0,363985
5,6,1463072.0,363621
5,7,1950959.0,363818
5,8,2587571.0,363438
5,9,2839520.0,363453
5,10,2529976.0,362857
5,11,2201205.0,362676
5,12,1956437.0,362363
5,13,1979229.0,362549
5,14,2006627.0,362495
5,15,1997953.0,362534
5,16,2128904.0,362430
5,17,2365955.0,363048
5,18,2373743.0,363122
5,19,1927225.0,363419
5,20,1559949.0,363495
5,21,1295733.0,363705
5,22,1109561.0,363689
5,23,1007277.0,363785
6,0,958544.0,363171
6,1,881912.0,363459
6,2,777244.0,349342
6,3,770629.0,362382
6,4,756589.0,362881
6,5,809296.0,363310
6,6,958540.0,363228
6,7,1296002.0,363457
6,8,1834878.0,363348
6,9,2197519.0,363505
6,10,2192665.0,363126
6,11,2121109.0,362880
6,12,1913820.0,362339
6,13,1930082.0,362362
6,14,2147226.0,362103
6,15,2219053.0,362175
6,16,2319372.0,361915
6,17,2440426.0,362370
6,18,2247233.0,362367
6,19,1846874.0,362862
6,20,1491772.0,362936
6,21,1160206.0,363190
6,22,934218.0,363207
6,23,777840.0,363130
