File generated for type: KFZ_
Time of generation:2016-08-28 14:55:02
day,hour,count,n_counts
0,0,108473680.0,377319
0,1,82987931.0,377577
0,2,78055747.0,377161
0,3,99581978.0,377428
0,4,172795923.0,377238
0,5,400623334.0,377401
0,6,727700515.0,376521
0,7,914767528.0,374979
0,8,830383041.0,374209
0,9,734596809.0,374676
0,10,700350090.0,374810
0,11,700405030.0,375003
0,12,710251471.0,374707
0,13,738780860.0,374996
0,14,772520157.0,374869
0,15,837956441.0,375033
0,16,934010842.0,375027
0,17,902342954.0,375441
0,18,741103748.0,376228
0,19,522132881.0,377135
0,20,369891627.0,377329
0,21,277916689.0,377731
0,22,219250568.0,377645
0,23,141678428.0,377850
1,0,95156728.0,377035
1,1,76026628.0,377326
1,2,72517990.0,376877
1,3,85055976.0,377173
1,4,137277893.0,377098
1,5,341366378.0,377432
1,6,683476500.0,376695
1,7,906037810.0,375351
1,8,831626263.0,374260
1,9,723694854.0,374319
1,10,668452115.0,373960
1,11,664704156.0,374005
1,12,690565597.0,373987
1,13,735536927.0,374315
1,14,781166346.0,374048
1,15,860257784.0,374193
1,16,965402078.0,374066
1,17,934866325.0,374463
1,18,779387294.0,375527
1,19,548212087.0,376486
1,20,381721707.0,376748
1,21,287688969.0,377301
1,22,230826843.0,377264
1,23,151270009.0,377397
2,0,99616179.0,377393
2,1,76961997.0,377709
2,2,71796059.0,377134
2,3,82858649.0,377543
2,4,132930697.0,377537
2,5,333303738.0,377714
2,6,673294545.0,377078
2,7,898898634.0,375922
2,8,829407732.0,374739
2,9,728235958.0,375027
2,10,681952207.0,374726
2,11,685713984.0,375050
2,12,718219308.0,374758
2,13,770418372.0,375283
2,14,816464298.0,374897
2,15,890812713.0,374707
2,16,990725411.0,374557
2,17,961389484.0,374666
2,18,807912334.0,375865
2,19,583263969.0,377031
2,20,412514255.0,377266
2,21,310607831.0,377782
2,22,249885512.0,377948
2,23,166192733.0,377905
3,0,107876994.0,377993
3,1,81437580.0,378342
3,2,74233593.0,377694
3,3,84125264.0,377956
3,4,132580534.0,378079
3,5,325787216.0,378209
3,6,652758946.0,377663
3,7,875031543.0,376605
3,8,816037220.0,375450
3,9,728032342.0,375444
3,10,695708230.0,375202
3,11,705193400.0,375367
3,12,735624407.0,375098
3,13,784820947.0,375397
3,14,835187522.0,375223
3,15,907919578.0,375128
3,16,995789388.0,374778
3,17,966250089.0,374802
3,18,836284879.0,375970
3,19,618832742.0,377227
3,20,442937304.0,377693
3,21,334643805.0,378303
3,22,267652954.0,378318
3,23,178146869.0,378423
4,0,115705423.0,378121
4,1,86908753.0,378462
4,2,78502260.0,378033
4,3,87775878.0,378294
4,4,134134525.0,378202
4,5,314584395.0,378476
4,6,612697560.0,377982
4,7,818107726.0,377431
4,8,751902744.0,376827
4,9,704861077.0,377003
4,10,734119657.0,376643
4,11,795396373.0,376756
4,12,898172946.0,376441
4,13,979133479.0,375687
4,14,1019161427.0,374886
4,15,1027411123.0,374474
4,16,1012542255.0,374375
4,17,957387669.0,375151
4,18,847136984.0,376252
4,19,664024491.0,377365
4,20,496680891.0,377830
4,21,375517425.0,378307
4,22,310908746.0,378432
4,23,236691370.0,378626
5,0,170647816.0,378057
5,1,125760497.0,378795
5,2,102009453.0,378554
5,3,98692501.0,378596
5,4,118464284.0,378578
5,5,180157441.0,378942
5,6,241530096.0,378625
5,7,342439034.0,378889
5,8,487538788.0,378507
5,9,656404729.0,378579
5,10,769195000.0,378019
5,11,803039041.0,377811
5,12,794237213.0,377402
5,13,803664678.0,377667
5,14,798804166.0,377627
5,15,733570647.0,377662
5,16,690321161.0,377546
5,17,672280656.0,378226
5,18,615526093.0,378264
5,19,480484999.0,378515
5,20,371959421.0,378532
5,21,285991449.0,378773
5,22,246363536.0,378697
5,23,208755872.0,378786
6,0,160101609.0,378135
6,1,115163686.0,378434
6,2,77540144.0,363731
6,3,65061949.0,377304
6,4,66523216.0,377852
6,5,89201395.0,378337
6,6,107382896.0,378240
6,7,147838676.0,378553
6,8,242570906.0,378407
6,9,397489009.0,378631
6,10,561353053.0,378245
6,11,673692139.0,377974
6,12,706920410.0,377365
6,13,745702428.0,377481
6,14,786527068.0,377250
6,15,761783218.0,377287
6,16,764720330.0,377036
6,17,788390221.0,377547
6,18,723533261.0,377538
6,19,600302038.0,378044
6,20,469053762.0,378093
6,21,344816931.0,378307
6,22,246445284.0,378262
6,23,164301984.0,378136
