File generated for type: Lfw_
Time of generation:2016-08-28 20:57:59
day,hour,count,n_counts
0,0,7343543.0,351444
0,1,6186286.0,351690
0,2,6453736.0,351299
0,3,8893046.0,351559
0,4,15924754.0,351339
0,5,32769945.0,351428
0,6,63709284.0,350402
0,7,69916938.0,348710
0,8,65113309.0,348123
0,9,57285903.0,348706
0,10,54207525.0,348880
0,11,53141494.0,349054
0,12,51197929.0,348832
0,13,51710899.0,349092
0,14,53501380.0,348991
0,15,58489423.0,348987
0,16,63471327.0,348756
0,17,52378227.0,349222
0,18,40614283.0,350170
0,19,29592192.0,351107
0,20,21751956.0,351355
0,21,17002836.0,351739
0,22,14199546.0,351669
0,23,10815233.0,351919
1,0,8201665.0,351210
1,1,7116678.0,351481
1,2,6883983.0,351036
1,3,7659611.0,351295
1,4,10552911.0,351236
1,5,21939774.0,351463
1,6,54676510.0,350582
1,7,63943651.0,349085
1,8,59121792.0,348225
1,9,52165803.0,348496
1,10,49888295.0,348174
1,11,50189655.0,348234
1,12,49879872.0,348283
1,13,51681013.0,348557
1,14,54333355.0,348283
1,15,60141748.0,348285
1,16,65550148.0,347873
1,17,54228269.0,348296
1,18,42610001.0,349513
1,19,31501452.0,350566
1,20,22914649.0,350886
1,21,17813566.0,351402
1,22,14936088.0,351382
1,23,11422110.0,351557
2,0,8622049.0,351546
2,1,7390440.0,351931
2,2,7027093.0,351393
2,3,7633967.0,351759
2,4,10147433.0,351715
2,5,21085909.0,351782
2,6,53839783.0,351016
2,7,63362599.0,349717
2,8,58850261.0,348716
2,9,52488247.0,349139
2,10,50827190.0,348903
2,11,51718072.0,349204
2,12,51740494.0,348915
2,13,53914905.0,349422
2,14,56707486.0,349036
2,15,62243365.0,348725
2,16,67355332.0,348438
2,17,56209363.0,348522
2,18,44811104.0,349854
2,19,33730171.0,351089
2,20,24939304.0,351357
2,21,19418040.0,351831
2,22,16156497.0,352044
2,23,12335184.0,352010
3,0,9206370.0,352170
3,1,7750642.0,352476
3,2,7276817.0,351834
3,3,7799405.0,352070
3,4,10202285.0,352165
3,5,20697297.0,352263
3,6,52217544.0,351596
3,7,61768714.0,350426
3,8,57796785.0,349492
3,9,52169034.0,349597
3,10,51299649.0,349379
3,11,52715347.0,349480
3,12,53220555.0,349254
3,13,55778091.0,349506
3,14,59217166.0,349304
3,15,65103019.0,349071
3,16,69994963.0,348560
3,17,59516088.0,348580
3,18,48740267.0,349893
3,19,37772143.0,351224
3,20,28328593.0,351701
3,21,21839031.0,352256
3,22,17668883.0,352283
3,23,13229933.0,352469
4,0,9771339.0,352287
4,1,8135050.0,352593
4,2,7606454.0,352190
4,3,8036314.0,352396
4,4,10256588.0,352317
4,5,19853898.0,352527
4,6,48201520.0,351963
4,7,58036724.0,351273
4,8,55214720.0,350789
4,9,52263225.0,350999
4,10,55172298.0,350644
4,11,59935302.0,350733
4,12,64101642.0,350403
4,13,66453594.0,349629
4,14,65764731.0,348831
4,15,63698805.0,348411
4,16,59855286.0,348384
4,17,52721863.0,349172
4,18,45527306.0,350272
4,19,36484125.0,351376
4,20,28343035.0,351805
4,21,22397328.0,352258
4,22,18730897.0,352386
4,23,15005841.0,352615
5,0,11702950.0,352169
5,1,9656560.0,352778
5,2,8552724.0,352529
5,3,8294981.0,352565
5,4,8875452.0,352556
5,5,12244359.0,352882
5,6,19355997.0,352531
5,7,25895465.0,352711
5,8,30687945.0,352358
5,9,35814741.0,352382
5,10,39398035.0,351790
5,11,40919859.0,351615
5,12,40791621.0,351283
5,13,40634233.0,351499
5,14,39801604.0,351460
5,15,37491124.0,351498
5,16,35311486.0,351400
5,17,33354082.0,352023
5,18,29986628.0,352078
5,19,24095462.0,352354
5,20,18693694.0,352418
5,21,14468888.0,352624
5,22,12041509.0,352574
5,23,10110804.0,352688
6,0,8097109.0,352092
6,1,6356221.0,352393
6,2,4866424.0,338640
6,3,4506172.0,351331
6,4,4636227.0,351785
6,5,5735829.0,352256
6,6,7274359.0,352176
6,7,9725198.0,352387
6,8,14035975.0,352289
6,9,20364646.0,352486
6,10,26684604.0,352124
6,11,31306621.0,351882
6,12,32772318.0,351350
6,13,33570124.0,351409
6,14,34513158.0,351143
6,15,34598170.0,351190
6,16,34854652.0,350945
6,17,35122496.0,351406
6,18,32696529.0,351397
6,19,28116797.0,351862
6,20,22843253.0,351900
6,21,17833457.0,352165
6,22,13495084.0,352106
6,23,9958520.0,352047
