File generated for type: Lkw_
Time of generation:2016-08-28 08:24:42
day,hour,count,n_counts
0,0,28353372.0,367662
0,1,30476881.0,367896
0,2,32461409.0,367506
0,3,41167478.0,367755
0,4,56354604.0,367553
0,5,78379797.0,367627
0,6,96858355.0,366538
0,7,97698171.0,364712
0,8,100714262.0,364087
0,9,103553284.0,364691
0,10,104780603.0,364896
0,11,106546748.0,365085
0,12,106217504.0,364847
0,13,107379570.0,365118
0,14,108031410.0,365014
0,15,104983342.0,365028
0,16,97429568.0,364811
0,17,84359088.0,365256
0,18,71117050.0,366307
0,19,59440593.0,367294
0,20,50618843.0,367571
0,21,44133106.0,367962
0,22,39663515.0,367900
0,23,35200717.0,368153
1,0,33432717.0,367393
1,1,35014519.0,367650
1,2,38130314.0,367256
1,3,45285376.0,367516
1,4,59514703.0,367440
1,5,83900075.0,367668
1,6,108377278.0,366722
1,7,113636795.0,365103
1,8,117891629.0,364189
1,9,120563203.0,364445
1,10,120196288.0,364117
1,11,120529625.0,364150
1,12,119829657.0,364200
1,13,121018104.0,364476
1,14,121315697.0,364181
1,15,117563305.0,364201
1,16,108775474.0,363807
1,17,94262522.0,364228
1,18,79550942.0,365564
1,19,65672089.0,366692
1,20,54535420.0,367033
1,21,46514082.0,367567
1,22,40691741.0,367575
1,23,35463902.0,367716
2,0,33282217.0,367784
2,1,34375632.0,368087
2,2,37102850.0,367540
2,3,43591483.0,367955
2,4,57479187.0,367929
2,5,82413324.0,368003
2,6,108573172.0,367179
2,7,115328046.0,365766
2,8,119928418.0,364742
2,9,122343298.0,365151
2,10,121518743.0,364916
2,11,121734247.0,365220
2,12,120716404.0,364960
2,13,121759859.0,365440
2,14,121988372.0,365036
2,15,118051274.0,364712
2,16,108917881.0,364364
2,17,94540532.0,364452
2,18,80402328.0,365914
2,19,66767671.0,367249
2,20,55311559.0,367542
2,21,46793756.0,368062
2,22,40629860.0,368277
2,23,35116868.0,368236
3,0,32714530.0,368416
3,1,33639814.0,368707
3,2,36091617.0,368102
3,3,42113095.0,368335
3,4,55215966.0,368457
3,5,78901110.0,368540
3,6,104137527.0,367825
3,7,110953265.0,366515
3,8,115364986.0,365524
3,9,117204681.0,365595
3,10,116491919.0,365378
3,11,116518736.0,365512
3,12,115334107.0,365253
3,13,116073451.0,365511
3,14,115957748.0,365327
3,15,111627415.0,365049
3,16,102402298.0,364516
3,17,88380196.0,364528
3,18,74855496.0,365973
3,19,62378429.0,367430
3,20,51913309.0,367949
3,21,44263124.0,368536
3,22,39421182.0,368591
3,23,34464033.0,368743
4,0,32293898.0,368562
4,1,33167037.0,368870
4,2,35550055.0,368460
4,3,41508334.0,368695
4,4,53912512.0,368598
4,5,75485286.0,368806
4,6,97127436.0,368176
4,7,103458727.0,367430
4,8,108770319.0,366931
4,9,110076237.0,367139
4,10,109356004.0,366733
4,11,108685980.0,366811
4,12,105702502.0,366489
4,13,102355975.0,365618
4,14,97423790.0,364740
4,15,89395443.0,364298
4,16,79522670.0,364282
4,17,68778907.0,365124
4,18,59430681.0,366374
4,19,51752181.0,367559
4,20,45586345.0,368063
4,21,40096771.0,368525
4,22,35368643.0,368677
4,23,30307117.0,368889
5,0,27532044.0,368376
5,1,27188874.0,369040
5,2,27097389.0,368840
5,3,27967866.0,368871
5,4,29887619.0,368847
5,5,33447263.0,369162
5,6,37931699.0,368788
5,7,41211214.0,368984
5,8,41151531.0,368588
5,9,39547103.0,368566
5,10,36844852.0,367935
5,11,34210380.0,367702
5,12,31663051.0,367358
5,13,29840513.0,367585
5,14,28142214.0,367521
5,15,26071165.0,367549
5,16,24006820.0,367466
5,17,21909880.0,368118
5,18,19392282.0,368219
5,19,16635047.0,368513
5,20,15095601.0,368611
5,21,12814034.0,368850
5,22,10622342.0,368837
5,23,8261717.0,368929
6,0,6045965.0,368328
6,1,5114285.0,368617
6,2,4390178.0,354319
6,3,4296006.0,367533
6,4,4324305.0,368029
6,5,4783516.0,368459
6,6,5383051.0,368364
6,7,6276354.0,368592
6,8,7662326.0,368442
6,9,9297621.0,368553
6,10,10646955.0,368136
6,11,11569669.0,367830
6,12,11671736.0,367262
6,13,11832597.0,367297
6,14,12269265.0,367023
6,15,12558604.0,367089
6,16,12967138.0,366824
6,17,13320791.0,367320
6,18,12975986.0,367348
6,19,12219053.0,367903
6,20,11532212.0,368041
6,21,11941422.0,368309
6,22,20801133.0,368345
6,23,25971973.0,368290
