File generated for type: LoA_
Time of generation:2016-08-29 00:30:52
day,hour,count,n_counts
0,0,3673264.0,362524
0,1,3955678.0,362757
0,2,4719874.0,362371
0,3,6429302.0,362606
0,4,9990364.0,362412
0,5,16272893.0,362492
0,6,25261843.0,361440
0,7,29390208.0,359715
0,8,31930978.0,359113
0,9,30439765.0,359725
0,10,29741202.0,359925
0,11,29620653.0,360094
0,12,28565522.0,359862
0,13,29253940.0,360115
0,14,28951985.0,360014
0,15,26818410.0,360026
0,16,23091569.0,359826
0,17,17389134.0,360273
0,18,12767156.0,361250
0,19,9588649.0,362182
0,20,7611007.0,362429
0,21,6369389.0,362807
0,22,5725046.0,362737
0,23,4943828.0,362992
1,0,4533230.0,362228
1,1,4748607.0,362491
1,2,5451832.0,362102
1,3,7045663.0,362366
1,4,10286377.0,362288
1,5,16402061.0,362524
1,6,26370079.0,361614
1,7,31227023.0,360135
1,8,33488232.0,359240
1,9,31815310.0,359483
1,10,30775314.0,359157
1,11,30592415.0,359188
1,12,29770187.0,359235
1,13,30915306.0,359522
1,14,30752780.0,359226
1,15,28520135.0,359243
1,16,24517540.0,358843
1,17,18518082.0,359295
1,18,13743556.0,360553
1,19,10285625.0,361606
1,20,8039093.0,361932
1,21,6678938.0,362447
1,22,5956816.0,362441
1,23,5099091.0,362582
2,0,4627314.0,362630
2,1,4791678.0,362977
2,2,5474137.0,362493
2,3,6981222.0,362852
2,4,10189451.0,362808
2,5,16308367.0,362885
2,6,26341874.0,362094
2,7,31206843.0,360765
2,8,33512224.0,359741
2,9,32000526.0,360146
2,10,30958328.0,359934
2,11,30870467.0,360240
2,12,30008283.0,359961
2,13,31127303.0,360464
2,14,31016804.0,360076
2,15,28820447.0,359753
2,16,24807764.0,359448
2,17,18822368.0,359530
2,18,14092342.0,360895
2,19,10618074.0,362148
2,20,8298478.0,362408
2,21,6848298.0,362913
2,22,6055565.0,363116
2,23,5142248.0,363083
3,0,4631366.0,363257
3,1,4777868.0,363546
3,2,5441706.0,362941
3,3,6909181.0,363175
3,4,9956379.0,363296
3,5,15875606.0,363380
3,6,25597195.0,362693
3,7,30386656.0,361486
3,8,32685164.0,360515
3,9,31158273.0,360601
3,10,30241628.0,360380
3,11,30139594.0,360511
3,12,29367426.0,360272
3,13,30469667.0,360520
3,14,30389828.0,360339
3,15,28233086.0,360102
3,16,24323941.0,359599
3,17,18597970.0,359635
3,18,14061013.0,360962
3,19,10714477.0,362327
3,20,8415411.0,362815
3,21,6943322.0,363376
3,22,6127925.0,363415
3,23,5205311.0,363577
4,0,4668108.0,363373
4,1,4772604.0,363685
4,2,5440113.0,363280
4,3,6871076.0,363506
4,4,9878140.0,363416
4,5,15467561.0,363640
4,6,24431626.0,363054
4,7,29409306.0,362358
4,8,32101563.0,361872
4,9,30448060.0,362056
4,10,29843755.0,361699
4,11,29795506.0,361777
4,12,28806040.0,361463
4,13,28460208.0,360653
4,14,26923434.0,359839
4,15,23802612.0,359404
4,16,19740885.0,359376
4,17,15538429.0,360160
4,18,12266489.0,361284
4,19,9650738.0,362417
4,20,7758312.0,362887
4,21,6444632.0,363338
4,22,5579848.0,363473
4,23,4584425.0,363682
5,0,3951848.0,363185
5,1,3816168.0,363845
5,2,3954720.0,363643
5,3,4244829.0,363666
5,4,4881922.0,363648
5,5,5931278.0,363968
5,6,7841506.0,363606
5,7,9707002.0,363808
5,8,10157683.0,363423
5,9,9961205.0,363441
5,10,9823542.0,362839
5,11,9620356.0,362662
5,12,9092735.0,362343
5,13,8653516.0,362536
5,14,8113725.0,362482
5,15,7306442.0,362511
5,16,6496819.0,362405
5,17,5721744.0,363038
5,18,4869249.0,363104
5,19,3974632.0,363391
5,20,3265049.0,363466
5,21,2643487.0,363680
5,22,2182388.0,363674
5,23,1797544.0,363768
6,0,1470547.0,363160
6,1,1255734.0,363444
6,2,1063446.0,349329
6,3,1061634.0,362371
6,4,1151991.0,362862
6,5,1373847.0,363301
6,6,1615799.0,363218
6,7,1923327.0,363446
6,8,2426031.0,363332
6,9,3216728.0,363489
6,10,4167256.0,363116
6,11,4850810.0,362872
6,12,5013570.0,362324
6,13,5038018.0,362347
6,14,5098677.0,362078
6,15,5146378.0,362158
6,16,5228665.0,361890
6,17,5250334.0,362355
6,18,4994483.0,362349
6,19,4550709.0,362843
6,20,4042904.0,362914
6,21,3664340.0,363156
6,22,3806784.0,363167
6,23,3742585.0,363114
