File generated for type: Lzg_
Time of generation:2016-08-29 00:53:36
day,hour,count,n_counts
0,0,23300531.0,362534
0,1,25096969.0,362762
0,2,26311743.0,362372
0,3,33064872.0,362617
0,4,44091097.0,362411
0,5,58774545.0,362489
0,6,66859499.0,361444
0,7,63395056.0,359714
0,8,63467612.0,359115
0,9,67471264.0,359722
0,10,69617030.0,359914
0,11,71506410.0,360091
0,12,72332256.0,359857
0,13,72689015.0,360116
0,14,73670711.0,360008
0,15,72915695.0,360019
0,16,69314268.0,359816
0,17,62566391.0,360269
0,18,54594390.0,361246
0,19,46820202.0,362190
0,20,40546315.0,362436
0,21,35707272.0,362820
0,22,32107467.0,362756
0,23,28615668.0,362996
1,0,27366456.0,362242
1,1,28789768.0,362514
1,2,31204673.0,362110
1,3,36548400.0,362366
1,4,46945586.0,362293
1,5,64090224.0,362525
1,6,77060014.0,361627
1,7,77194043.0,360134
1,8,78809962.0,359246
1,9,82955531.0,359479
1,10,84050217.0,359150
1,11,84668390.0,359187
1,12,84744618.0,359230
1,13,84621348.0,359522
1,14,85073662.0,359227
1,15,83661239.0,359241
1,16,79022664.0,358847
1,17,71051132.0,359287
1,18,61752763.0,360553
1,19,52167222.0,361619
1,20,43968474.0,361936
1,21,37762858.0,362462
1,22,32898950.0,362462
1,23,28713796.0,362590
2,0,27121605.0,362645
2,1,28125135.0,362997
2,2,30205194.0,362503
2,3,34978509.0,362863
2,4,45059765.0,362813
2,5,62727111.0,362884
2,6,77244439.0,362096
2,7,78755899.0,360765
2,8,80578144.0,359747
2,9,84297663.0,360145
2,10,84983194.0,359927
2,11,85422694.0,360238
2,12,85236772.0,359955
2,13,84969528.0,360455
2,14,85336203.0,360077
2,15,83723119.0,359752
2,16,78789434.0,359447
2,17,70899043.0,359528
2,18,62088351.0,360891
2,19,52773808.0,362157
2,20,44370711.0,362419
2,21,37787982.0,362929
2,22,32661494.0,363135
2,23,28259553.0,363091
3,0,26497695.0,363274
3,1,27342578.0,363565
3,2,29148968.0,362951
3,3,33531280.0,363184
3,4,43020865.0,363301
3,5,59674525.0,363374
3,6,73591490.0,362699
3,7,75200500.0,361485
3,8,76878661.0,360519
3,9,80069417.0,360600
3,10,80645590.0,360370
3,11,80906128.0,360509
3,12,80527737.0,360270
3,13,79986346.0,360522
3,14,79938810.0,360337
3,15,77949448.0,360105
3,16,72826594.0,359596
3,17,65072570.0,359632
3,18,56659100.0,360958
3,19,48320028.0,362331
3,20,40858867.0,362824
3,21,35133251.0,363383
3,22,31344458.0,363430
3,23,27509529.0,363586
4,0,25999236.0,363388
4,1,26831527.0,363704
4,2,28568070.0,363290
4,3,32911603.0,363522
4,4,41737912.0,363421
4,5,56663378.0,363641
4,6,67880433.0,363054
4,7,68794551.0,362357
4,8,70931127.0,361877
4,9,73691741.0,362058
4,10,73738734.0,361693
4,11,73116971.0,361775
4,12,71250950.0,361459
4,13,68302675.0,360647
4,14,65109477.0,359843
4,15,60500169.0,359403
4,16,54962320.0,359378
4,17,48815324.0,360157
4,18,43214867.0,361284
4,19,38809209.0,362430
4,20,35054642.0,362896
4,21,31235674.0,363354
4,22,27558571.0,363497
4,23,23650845.0,363687
5,0,21667238.0,363204
5,1,21580662.0,363862
5,2,21483679.0,363651
5,3,22058007.0,363682
5,4,23199653.0,363662
5,5,25420231.0,363973
5,6,27545852.0,363613
5,7,28356285.0,363812
5,8,27160083.0,363424
5,9,25498222.0,363437
5,10,23270488.0,362843
5,11,21217851.0,362662
5,12,19505320.0,362348
5,13,18135864.0,362527
5,14,17001837.0,362474
5,15,15841037.0,362512
5,16,14548015.0,362409
5,17,13067099.0,363034
5,18,11466394.0,363095
5,19,10152695.0,363405
5,20,9743176.0,363476
5,21,8456291.0,363692
5,22,6974190.0,363669
5,23,5179330.0,363764
6,0,3400456.0,363164
6,1,2801051.0,363445
6,2,2402973.0,349340
6,3,2315587.0,362379
6,4,2259207.0,362876
6,5,2420104.0,363304
6,6,2596005.0,363219
6,7,2793847.0,363441
6,8,3062006.0,363324
6,9,3440425.0,363490
6,10,3758102.0,363105
6,11,4014898.0,362859
6,12,4151038.0,362313
6,13,4268061.0,362336
6,14,4419022.0,362076
6,15,4591183.0,362142
6,16,4810645.0,361877
6,17,5014566.0,362346
6,18,5153546.0,362353
6,19,5300740.0,362842
6,20,5537405.0,362921
6,21,6692060.0,363176
6,22,15501061.0,363189
6,23,20824760.0,363125
