File generated for type: Pkw_
Time of generation:2016-08-28 00:44:15
day,hour,count,n_counts
0,0,60505420.0,351450
0,1,37492700.0,351695
0,2,31094666.0,351305
0,3,39475671.0,351569
0,4,82704875.0,351349
0,5,247018956.0,351434
0,6,487519584.0,350409
0,7,646461135.0,348716
0,8,571271067.0,348128
0,9,490598450.0,348711
0,10,462098807.0,348885
0,11,461379423.0,349059
0,12,473135116.0,348837
0,13,497279091.0,349097
0,14,525025205.0,348995
0,15,581031653.0,348992
0,16,668935283.0,348761
0,17,664540270.0,349227
0,18,546120154.0,350175
0,19,374381719.0,351112
0,20,256033806.0,351360
0,21,186028860.0,351744
0,22,141426408.0,351671
0,23,80248929.0,351924
1,0,43623969.0,351218
1,1,26428885.0,351487
1,2,20734849.0,351041
1,3,24314641.0,351298
1,4,54268719.0,351241
1,5,201061338.0,351468
1,6,447685115.0,350586
1,7,630859274.0,349088
1,8,563379406.0,348227
1,9,471894090.0,348499
1,10,425217066.0,348177
1,11,421083012.0,348237
1,12,445605798.0,348286
1,13,482772169.0,348560
1,14,520127287.0,348287
1,15,588092473.0,348288
1,16,684434394.0,347877
1,17,682306419.0,348300
1,18,570243457.0,349518
1,19,389809888.0,350571
1,20,261697774.0,350892
1,21,191683322.0,351407
1,22,150080930.0,351386
1,23,87964977.0,351563
2,0,47228027.0,351554
2,1,27564752.0,351936
2,2,20881971.0,351399
2,3,23943229.0,351764
2,4,52710930.0,351720
2,5,196221733.0,351787
2,6,439548111.0,351021
2,7,623812425.0,349722
2,8,559872079.0,348721
2,9,473562625.0,349144
2,10,434527175.0,348907
2,11,436615050.0,349209
2,12,466735933.0,348920
2,13,509973727.0,349427
2,14,547416443.0,349040
2,15,611307000.0,348729
2,16,704108636.0,348443
2,17,702801162.0,348526
2,18,591477390.0,349859
2,19,416819590.0,351094
2,20,285685420.0,351362
2,21,209785929.0,351836
2,22,165540768.0,352046
2,23,100411550.0,352018
3,0,54416768.0,352175
3,1,31727428.0,352479
3,2,23611858.0,351838
3,3,26149869.0,352075
3,4,54280155.0,352169
3,5,193063963.0,352267
3,6,426914025.0,351601
3,7,608397986.0,350430
3,8,553340587.0,349496
3,9,477883656.0,349601
3,10,449755328.0,349382
3,11,456335269.0,349484
3,12,484445074.0,349257
3,13,524934074.0,349509
3,14,566074498.0,349306
3,15,628804654.0,349073
3,16,710971509.0,348564
3,17,708578615.0,348583
3,18,617255095.0,349896
3,19,447641406.0,351227
3,20,311506961.0,351705
3,21,230215254.0,352259
3,22,180349040.0,352283
3,23,110377276.0,352472
4,0,60883780.0,352293
4,1,36444873.0,352596
4,2,27410102.0,352193
4,3,29552584.0,352402
4,4,56640466.0,352321
4,5,187011031.0,352532
4,6,402093716.0,351967
4,7,568722993.0,351276
4,8,504850959.0,350792
4,9,463284983.0,351003
4,10,485698446.0,350644
4,11,535334118.0,350736
4,12,625403999.0,350405
4,13,698152918.0,349632
4,14,738517808.0,348834
4,15,755055610.0,348414
4,16,755413741.0,348388
4,17,724499920.0,349175
4,18,643737063.0,350276
4,19,498656556.0,351381
4,20,364590450.0,351810
4,21,269209536.0,352262
4,22,221017049.0,352388
4,23,164188001.0,352618
5,0,111955295.0,352176
5,1,74639316.0,352782
5,2,54695061.0,352537
5,3,50919995.0,352570
5,4,65448723.0,352561
5,5,112687133.0,352887
5,6,153415459.0,352536
5,7,231348351.0,352715
5,8,353558756.0,352362
5,9,498383162.0,352386
5,10,596449397.0,351794
5,11,626989618.0,351619
5,12,622441787.0,351288
5,13,632983743.0,351503
5,14,631392190.0,351464
5,15,578049176.0,351502
5,16,544733904.0,351404
5,17,534539031.0,352026
5,18,492234809.0,352082
5,19,382429414.0,352358
5,20,293794785.0,352422
5,21,224738641.0,352629
5,22,194983502.0,352579
5,23,166324089.0,352695
6,0,127654805.0,352099
6,1,90433681.0,352404
6,2,59014779.0,338649
6,3,48196655.0,351344
6,4,48941477.0,351795
6,5,66965746.0,352263
6,6,79768176.0,352180
6,7,110980975.0,352395
6,8,187757052.0,352295
6,9,315111159.0,352490
6,10,450209037.0,352129
6,11,543034147.0,351887
6,12,571041370.0,351354
6,13,605165846.0,351413
6,14,640649127.0,351147
6,15,618145297.0,351194
6,16,620568613.0,350949
6,17,642882258.0,351411
6,18,589388151.0,351401
6,19,486165115.0,351866
6,20,376850444.0,351904
6,21,272380036.0,352169
6,22,182189174.0,352110
6,23,109012042.0,352051
