File generated for type: PmA_
Time of generation:2016-08-29 00:07:29
day,hour,count,n_counts
0,0,1370980.0,362540
0,1,1122100.0,362767
0,2,1007756.0,362374
0,3,1096055.0,362617
0,4,1494098.0,362411
0,5,2632117.0,362495
0,6,5040844.0,361441
0,7,6734633.0,359716
0,8,7267283.0,359118
0,9,7727214.0,359728
0,10,8459109.0,359922
0,11,8830399.0,360099
0,12,8529356.0,359867
0,13,8521282.0,360122
0,14,8631975.0,360013
0,15,8671765.0,360027
0,16,8544168.0,359826
0,17,7192283.0,360277
0,18,5656559.0,361253
0,19,4287554.0,362189
0,20,3198490.0,362433
0,21,2352343.0,362817
0,22,1755082.0,362754
0,23,1314022.0,362998
1,0,1005392.0,362248
1,1,847397.0,362516
1,2,786540.0,362110
1,3,851625.0,362375
1,4,1173075.0,362297
1,5,2119684.0,362522
1,6,4470704.0,361613
1,7,6276030.0,360136
1,8,6752467.0,359244
1,9,7189080.0,359483
1,10,7794481.0,359153
1,11,8079976.0,359192
1,12,7862712.0,359234
1,13,8091831.0,359525
1,14,8402102.0,359227
1,15,8557098.0,359248
1,16,8512622.0,358840
1,17,7191074.0,359293
1,18,5729074.0,360558
1,19,4396866.0,361612
1,20,3289114.0,361926
1,21,2428819.0,362451
1,22,1825280.0,362455
1,23,1367457.0,362594
2,0,1049680.0,362645
2,1,880559.0,363003
2,2,812058.0,362501
2,3,872623.0,362866
2,4,1193607.0,362812
2,5,2176322.0,362883
2,6,4540578.0,362096
2,7,6330227.0,360766
2,8,6895238.0,359745
2,9,7460725.0,360145
2,10,8174174.0,359930
2,11,8488161.0,360241
2,12,8312798.0,359961
2,13,8691772.0,360462
2,14,9098390.0,360072
2,15,9243026.0,359755
2,16,9153770.0,359443
2,17,7793564.0,359527
2,18,6293163.0,360891
2,19,4883114.0,362152
2,20,3678028.0,362415
2,21,2727234.0,362921
2,22,2048624.0,363131
2,23,1532197.0,363095
3,0,1160897.0,363278
3,1,960382.0,363568
3,2,871783.0,362954
3,3,942043.0,363193
3,4,1271954.0,363303
3,5,2268038.0,363370
3,6,4625537.0,362690
3,7,6467140.0,361481
3,8,7184633.0,360522
3,9,7968584.0,360603
3,10,8836589.0,360373
3,11,9178199.0,360510
3,12,8951110.0,360273
3,13,9232805.0,360526
3,14,9572293.0,360342
3,15,9661117.0,360107
3,16,9488316.0,359596
3,17,8194615.0,359636
3,18,6753290.0,360962
3,19,5337257.0,362326
3,20,4095281.0,362823
3,21,3089366.0,363383
3,22,2357248.0,363432
3,23,1777432.0,363583
4,0,1357791.0,363387
4,1,1109570.0,363707
4,2,994076.0,363294
4,3,1051080.0,363518
4,4,1383504.0,363424
4,5,2431527.0,363642
4,6,4741219.0,363054
4,7,6483026.0,362360
4,8,7400858.0,361879
4,9,8627703.0,362057
4,10,9834477.0,361694
4,11,10421857.0,361781
4,12,10457946.0,361466
4,13,10949863.0,360649
4,14,11420028.0,359844
4,15,11369683.0,359407
4,16,10765132.0,359381
4,17,9546660.0,360162
4,18,8119567.0,361293
4,19,6526356.0,362426
4,20,5095448.0,362893
4,21,3913660.0,363347
4,22,3053728.0,363492
4,23,2370754.0,363689
5,0,1847091.0,363201
5,1,1530385.0,363869
5,2,1370784.0,363664
5,3,1428099.0,363689
5,4,1841623.0,363669
5,5,2841688.0,363981
5,6,4385937.0,363617
5,7,6372232.0,363819
5,8,8728069.0,363429
5,9,11188778.0,363447
5,10,12580268.0,362851
5,11,12732664.0,362671
5,12,12021894.0,362362
5,13,11731520.0,362544
5,14,11312156.0,362501
5,15,10269083.0,362528
5,16,9114799.0,362428
5,17,8000062.0,363052
5,18,6642936.0,363116
5,19,5212069.0,363414
5,20,3996119.0,363495
5,21,3003952.0,363702
5,22,2284437.0,363691
5,23,1735776.0,363789
6,0,1314876.0,363174
6,1,1054444.0,363453
6,2,892669.0,349344
6,3,903624.0,362388
6,4,1089356.0,362880
6,5,1610545.0,363319
6,6,2321719.0,363229
6,7,3058046.0,363457
6,8,4194907.0,363344
6,9,5979547.0,363511
6,10,7804799.0,363126
6,11,8962863.0,362885
6,12,9118678.0,362340
6,13,8993217.0,362365
6,14,8798804.0,362102
6,15,8433439.0,362170
6,16,8105182.0,361914
6,17,7728014.0,362369
6,18,6928657.0,362369
6,19,5658506.0,362862
6,20,4303733.0,362940
6,21,3199738.0,363194
6,22,2418659.0,363201
6,23,1806868.0,363125
