File generated for type: Sat_
Time of generation:2016-08-29 01:16:51
day,hour,count,n_counts
0,0,17017517.0,351437
0,1,18439581.0,351686
0,2,19468406.0,351292
0,3,24537101.0,351564
0,4,32642712.0,351336
0,5,43309706.0,351422
0,6,48383063.0,350401
0,7,45353712.0,348704
0,8,45173926.0,348115
0,9,48637666.0,348698
0,10,50743493.0,348867
0,11,52439727.0,349044
0,12,53268861.0,348823
0,13,53488536.0,349086
0,14,54302613.0,348983
0,15,53953698.0,348980
0,16,51548206.0,348748
0,17,46942974.0,349215
0,18,40976380.0,350158
0,19,34358486.0,351102
0,20,28305820.0,351354
0,21,23558633.0,351738
0,22,20789610.0,351665
0,23,18763808.0,351915
1,0,17848515.0,351208
1,1,18553615.0,351479
1,2,20468167.0,351035
1,3,25007027.0,351293
1,4,33535391.0,351234
1,5,46897621.0,351462
1,6,56309592.0,350582
1,7,56258616.0,349083
1,8,57451495.0,348221
1,9,60986147.0,348491
1,10,62218789.0,348171
1,11,62962418.0,348231
1,12,63161329.0,348276
1,13,62899460.0,348553
1,14,63190916.0,348280
1,15,62279427.0,348283
1,16,59062519.0,347871
1,17,53456894.0,348288
1,18,46400240.0,349506
1,19,38337179.0,350566
1,20,30782786.0,350886
1,21,24953748.0,351401
1,22,21238400.0,351381
1,23,18724911.0,351552
2,0,17513358.0,351546
2,1,17898982.0,351928
2,2,19574226.0,351393
2,3,23703443.0,351759
2,4,32028882.0,351712
2,5,45839412.0,351782
2,6,56508910.0,351013
2,7,57582383.0,349717
2,8,58940357.0,348715
2,9,62135418.0,349135
2,10,63063545.0,348898
2,11,63634971.0,349203
2,12,63610569.0,348909
2,13,63214435.0,349420
2,14,63422083.0,349032
2,15,62364740.0,348723
2,16,58909396.0,348437
2,17,53381766.0,348515
2,18,46720372.0,349845
2,19,38854390.0,351086
2,20,31135999.0,351355
2,21,25045223.0,351830
2,22,21133289.0,352042
2,23,18447782.0,352011
3,0,17096694.0,352169
3,1,17372335.0,352476
3,2,18861394.0,351835
3,3,22704290.0,352070
3,4,30567146.0,352163
3,5,43656838.0,352263
3,6,53868721.0,351596
3,7,55031883.0,350426
3,8,56285139.0,349491
3,9,59036165.0,349592
3,10,59835441.0,349376
3,11,60237052.0,349476
3,12,60048406.0,349249
3,13,59420258.0,349500
3,14,59265301.0,349298
3,15,57887474.0,349068
3,16,54251730.0,348554
3,17,48788325.0,348575
3,18,42435329.0,349885
3,19,35383047.0,351219
3,20,28418010.0,351700
3,21,23022980.0,352250
3,22,20121248.0,352278
3,23,17872306.0,352467
4,0,16749329.0,352285
4,1,17049280.0,352589
4,2,18457512.0,352186
4,3,22246902.0,352395
4,4,29630136.0,352312
4,5,41375477.0,352524
4,6,49589013.0,351962
4,7,50217179.0,351271
4,8,51775236.0,350788
4,9,54211553.0,350997
4,10,54528158.0,350638
4,11,54238347.0,350729
4,12,52892940.0,350397
4,13,50513977.0,349624
4,14,48137956.0,348829
4,15,44907879.0,348405
4,16,41101875.0,348383
4,17,36731229.0,349165
4,18,32348588.0,350264
4,19,28229015.0,351376
4,20,24150750.0,351805
4,21,20380335.0,352256
4,22,17704868.0,352384
4,23,15405120.0,352609
5,0,13924290.0,352169
5,1,13599040.0,352771
5,2,13746841.0,352529
5,3,14825664.0,352562
5,4,16564819.0,352554
5,5,18982583.0,352880
5,6,20985673.0,352524
5,7,21880022.0,352709
5,8,21196279.0,352356
5,9,19988910.0,352378
5,10,18254921.0,351790
5,11,16655183.0,351612
5,12,15313830.0,351278
5,13,14202905.0,351489
5,14,13265942.0,351447
5,15,12381772.0,351485
5,16,11411064.0,351390
5,17,10270984.0,352014
5,18,9035394.0,352064
5,19,7981458.0,352346
5,20,7671168.0,352401
5,21,6680304.0,352617
5,22,5522186.0,352566
5,23,4105229.0,352678
6,0,2676969.0,352088
6,1,2215451.0,352393
6,2,1924656.0,338640
6,3,1881690.0,351333
6,4,1840389.0,351786
6,5,1959029.0,352247
6,6,2087353.0,352162
6,7,2257580.0,352374
6,8,2476505.0,352274
6,9,2746232.0,352468
6,10,2950279.0,352110
6,11,3114276.0,351867
6,12,3202088.0,351332
6,13,3289422.0,351395
6,14,3403264.0,351120
6,15,3545969.0,351170
6,16,3711850.0,350924
6,17,3858901.0,351390
6,18,3979807.0,351386
6,19,4104294.0,351849
6,20,4290238.0,351886
6,21,5176706.0,352151
6,22,11499982.0,352090
6,23,15224700.0,352045
